72972
94073
37096
23995
65717
181209
28533
173415
26309
73798
152864
12207
115256
37033
185330
32121
193865
45510
59833
30952
68369
86953
91587
167651
45698
3274
6887
156514
94165
164723
59372
94020
21284
115487
173275
89390
34242
37249
109687
48494
118393
191403
63018
57126
171218
137491
35762
38466
57215
112341
3270
32950
5468
115963
116878
157974
185691
53152
24443
161885
63597
173649
86938
95210
13349
10569
13891
37093
23894
63037
100766
173381
47037
67844
129039
159371
73670
29065
105725
151390
165329
193755
173410
181184
93149
158050
102899
48405
92962
93168
94843
100767
164722
96967
76052
39963
62156
119290
24239
130260
165944
160139
169883
24540
84286
128786
68264
106874
28142
106516
119403
56427
186294
38823
142379
57423
28339
52974
26083
45902
78216
109530
35822
127445
37297
66975
82114
141652
91584
117800
186303
102020
196694
117458
90964
53153
164204
165333
114426
159762
33591
21040
44091
61963
79991
192219
127727
24721
9656
135122
140665
